.Random.seed <-
c(10403L, 10L, 1080456857L, -184623320L, -2042784298L, -2139760047L, 
617599235L, 968772754L, -1437433308L, -2036564761L, -364908227L, 
319546804L, 345348634L, 525361509L, 1709682687L, 1275348614L, 
-959775216L, -921549645L, 1320370001L, 139621120L, 1622493662L, 
-878767575L, -592870949L, -1147851030L, 1597463692L, -1699953713L, 
1004518277L, 1778153532L, 928479506L, -56250867L, 1995988295L, 
209532718L, -1487172984L, 1977858955L, -1676944535L, -1015966408L, 
657340390L, -1183297663L, 1496770323L, -1713000254L, 477514612L, 
1855551351L, 1621266541L, 189820676L, 1478897194L, -471792747L, 
846039087L, 1510342966L, -1029136032L, 525877155L, -81360703L, 
624670896L, 1755498446L, 327179065L, -1161743541L, -237901574L, 
628142588L, 8000063L, 1211234069L, 1691386924L, 760708354L, -1837361699L, 
-757373737L, 1109774270L, -1647285768L, 686738907L, -1492687815L, 
-1086454392L, 611750198L, 1405201265L, -612267613L, 1749873906L, 
1288382532L, -907195641L, 1804192477L, -382184492L, -1726786822L, 
286279237L, 407477919L, 550069286L, -1181331280L, 1770391891L, 
156013681L, -1072805472L, 1984316734L, -1379072951L, 2112049403L, 
-587409206L, 834928172L, -782810577L, 2136636133L, 1496997788L, 
1753905650L, 1013912685L, -15125081L, -1733222450L, -1881899736L, 
-1257349333L, -1972271799L, 1255058008L, 139223814L, -997241119L, 
1756334707L, -141577502L, 1556655700L, -1305757865L, 1843350349L, 
1132183268L, 913014474L, 305807157L, -1728891505L, 314471062L, 
774015552L, -1963189501L, -1842255071L, 1116376080L, -18170898L, 
1920166809L, 1546794027L, -1563807462L, 1570423772L, -563763745L, 
-1981034059L, -1416822964L, 1317295522L, -1953647363L, -1795548681L, 
1359140638L, 2090789336L, -1645657285L, 1790633177L, 357918824L, 
699301270L, -493509359L, -172702013L, 623118034L, 1455538020L, 
-1312652633L, 2097687549L, -1637720588L, -177571110L, 216710181L, 
-315952833L, 873424582L, 659991376L, 1472336755L, 1102923153L, 
807913408L, -952192610L, -1927316631L, 1110421403L, -182036822L, 
168779980L, -748772977L, 816051653L, 1113430396L, 1767287250L, 
-754510515L, 1862567943L, -2100107282L, 251039432L, -1070079541L, 
456250409L, 2139439736L, -994775130L, -239556159L, 1925815891L, 
-435882750L, 803943476L, 1160545719L, 1588865453L, -584258876L, 
-679825686L, -1435336363L, -52857105L, 1931642102L, 124212256L, 
825247203L, -888850815L, 1653817584L, 446349198L, -472559367L, 
-1867572597L, 143489722L, 897496508L, -2104205569L, -1850846635L, 
-976476820L, -807588414L, 614780445L, -2141710697L, -187686914L, 
-1487942728L, 2035296155L, 1629801977L, 931876168L, -206010250L, 
-1683589711L, 1745746915L, 856115378L, 95692036L, 586376775L, 
-876875491L, 1774731156L, 101065530L, -984486011L, -1168360353L, 
409499366L, 250871152L, -1300855149L, -1051222223L, 1861494240L, 
1274970750L, 1577578761L, -1414868165L, -1854706934L, -754851092L, 
-967254161L, -679411547L, -589157796L, -1438447054L, 197075245L, 
-2117523481L, 872394510L, -1727397656L, -1258343701L, 616389513L, 
1687324440L, 434440774L, 384987074L, 1590330152L, -1970463316L, 
834146620L, 231821170L, -1162387152L, -1349157084L, 443176248L, 
-1181091110L, -1132849264L, 518615804L, -1600585836L, 1569486914L, 
-1795052288L, -1788490692L, 186228048L, 2046617762L, -1585412280L, 
1483298572L, 103873244L, -49298606L, 1150329472L, 1045629012L, 
702192616L, 431101690L, -1579767472L, 778478380L, 714340212L, 
639456146L, -1384696224L, -1981440116L, -962133152L, -1618319390L, 
947597224L, 1197079756L, 1584636L, 7572402L, 1867524592L, 1677683140L, 
-841846440L, 802596218L, -1450217040L, 366710716L, 202158164L, 
1808204738L, -2120965088L, -52392772L, -240358832L, -1451896862L, 
-765675928L, 848022092L, -593919748L, -1011044366L, 1872608512L, 
327374708L, -1812062200L, 270718394L, -1625514544L, 274908140L, 
1994219412L, -273241134L, -2007337120L, -194341556L, -677118688L, 
-1974824062L, 310930152L, 696513772L, -2092844484L, -1347298446L, 
-1594643856L, 956893220L, 1486698296L, 1401568410L, 1959015120L, 
-1583554372L, -2122471788L, 1661585026L, -1227039552L, -1569566404L, 
-608444272L, 1628953122L, 460068360L, 2063864076L, 1682981532L, 
1719426578L, 83733888L, 682798612L, 2035803688L, 1044010298L, 
-329168944L, 1336574572L, -660003020L, -1047883118L, 1129724256L, 
-1792753332L, 616374240L, -1279963230L, -1744210008L, 1654209420L, 
1734809276L, 314891122L, 1653270768L, 1511413828L, 1648024920L, 
1501430842L, -1075862672L, 1798595644L, -11560172L, -1345713726L, 
-695930656L, 239871868L, 391933648L, -1073576286L, -1079647192L, 
-1405531892L, -494197828L, 933539122L, 1572167616L, 533877300L, 
1375767496L, -1857354566L, 1244606352L, 1000064492L, 644710484L, 
-1516728686L, -318620896L, 1305853388L, 1682615264L, 503894722L, 
-103650776L, 191749804L, 313569980L, -952720910L, -990402256L, 
1368005796L, 2053690040L, 1871735642L, 414297488L, -1862426244L, 
-1182114540L, -1064580798L, -1619901696L, 1384291260L, -593917104L, 
1326735650L, -1876095672L, -2034804724L, 835303516L, 1356829906L, 
1954924544L, 720030548L, 1735340520L, 243460090L, -604838192L, 
1913378092L, 742152436L, 400693138L, 2106002528L, 524307724L, 
573630176L, 1423175010L, -925482328L, -1277646260L, 1335543676L, 
1539836722L, 1060621936L, 1855921476L, -441717800L, 1535172730L, 
662230576L, -2027988292L, 1880700756L, -128107966L, -2002183264L, 
2070403260L, -2012712496L, -914111134L, -1345510424L, 478840780L, 
1556580092L, -778506254L, -1757774720L, 1875519732L, 813331592L, 
-1451051718L, 937452368L, -1411650452L, -1891594092L, -25974446L, 
743587552L, -1336885044L, -2101503840L, 33823106L, -838035224L, 
-1279014676L, 658131004L, 410591346L, -230373264L, 1886429732L, 
-1415118280L, -294053350L, -20184880L, 888358460L, 904948884L, 
-575519614L, -812136512L, 1177304380L, 1396895376L, -1177631710L, 
-1065586680L, 686578828L, -311455716L, -1068297070L, 1705684096L, 
-1742699500L, 1570923304L, -460237766L, 1226067152L, -2063313812L, 
-1996962124L, -235614190L, -1780801568L, -1954927668L, 1288756704L, 
1216830498L, -652417752L, 1920571660L, -1126405281L, 1067629289L, 
1453564414L, 722513388L, -1285800643L, -1992702713L, 492471536L, 
572029070L, 1307022011L, -175002979L, -1601384886L, -2000341912L, 
-420418479L, -189925565L, 1571934788L, 2049196274L, -1868960569L, 
-1354680687L, -643987434L, 1168700020L, 1171260677L, 1166539599L, 
-1907698360L, 1519503590L, -114450925L, -436215435L, -1028410030L, 
1610995104L, -1010350967L, -477174597L, 1349572364L, -1160036710L, 
975143951L, 1646035033L, -960926482L, 479520636L, -721579027L, 
2092162199L, -1935710368L, -270909634L, -1915101173L, -888706931L, 
-447581766L, 1349132280L, -1776428127L, -719366829L, 623774836L, 
-1366204926L, 595619991L, -1186528671L, -1965040986L, -685964636L, 
1822869333L, 890260479L, -88909160L, -1346322506L, -2060782525L, 
-1411043963L, -2091780574L, 178367760L, 207420601L, -579452565L, 
72544348L, -614089334L, 1609976191L, 1836537033L, -1020909218L, 
-1633875444L, 946007517L, -218270489L, -171093744L, 511635502L, 
-702937381L, 453754813L, 1482397994L, -1650733624L, -112012559L, 
-119997341L, 1961068644L, -1442380910L, -1227519897L, 335534129L, 
-872240778L, 1141020308L, -732635995L, 1497203119L, -1326785944L, 
354067014L, -1913288717L, -270895275L, -1203525326L, -2084979456L, 
114703849L, 768280667L, 1287068332L, 1755022522L, 647628399L, 
-457993223L, -1207928178L, 274955100L, -36948019L, 1037154103L, 
-1664014912L, 906644126L, -99474581L, -1978549523L, -1798787238L, 
-1467522024L, 1227972993L, -1503389901L, -1594438316L, 1412728674L, 
563682295L, -1961630655L, 1092440262L, -672801276L, -2066245195L, 
323790495L, -1343265032L, 1772341974L, 90447715L, 1029105445L, 
-956785470L, 693148080L, 347238873L, -1675952309L, -2082163268L, 
1677977066L, -961256929L, -118175575L, -1764442050L, 616608044L, 
357514109L, -673001017L, -791690064L, 930222798L, -332347397L, 
641601629L, 1786673034L, -915392600L, 1126989073L, -627309565L, 
-337170684L, -663436494L, -787668601L, -752662575L, 1768646998L, 
